[{"moveZ":0,"moveY":0,"looker":[-540.8785400390625,3.0509772300720217,676.3623046875,0.9993753433227539,-7.855150419011636e-10,-0.03534083440899849,7.466942619771544e-10,1,-1.1116670917132865e-9,0.03534083440899849,1.0845838671613706e-9,0.9993753433227539],"moveX":0,"velY":0.000019460458133835347,"velX":-9.350742402602919e-11,"velZ":1.4213696886145045e-10,"jump":false},{"moveZ":0,"moveY":0,"looker":[-540.8785400390625,3.0509772300720217,676.3623046875,0.9993753433227539,7.022815218249434e-9,-0.03534083440899849,-6.6371979023927e-9,1,1.102870328395511e-8,0.03534083440899849,-1.0787250204202792e-8,0.9993753433227539],"moveX":0,"velY":0.000019460458133835347,"velX":-9.410427992406767e-11,"velZ":1.4304646356322338e-10,"jump":false},{"moveZ":0,"moveY":0,"looker":[-540.8785400390625,3.0509772300720217,676.3623046875,0.9993753433227539,1.4827810090878302e-8,-0.03534083440899849,-1.4017935257015779e-8,1,2.31638885850316e-8,0.03534083440899849,-2.265401199963435e-8,0.9993753433227539],"moveX":0,"velY":0.000019460458133835347,"velX":-9.413270163349807e-11,"velZ":1.4313172869151459e-10,"jump":false},{"moveZ":0,"moveY":0,"looker":[-540.8785400390625,3.0509772300720217,676.3623046875,0.9993753433227539,2.2629469853541196e-8,-0.03534083440899849,-2.1395520022338134e-8,1,3.529389047685072e-8,0.03534083440899849,-3.451570407264626e-8,0.9993753433227539],"moveX":0,"velY":0.000019460458133835347,"velX":-9.413270163349807e-11,"velZ":1.4310330698208419e-10,"jump":false},{"moveZ":0,"moveY":0,"looker":[-540.8785400390625,3.0509772300720217,676.3623046875,0.9993753433227539,2.6529049179657706e-8,-0.03534083440899849,-2.508313023952269e-8,1,4.13569445356643e-8,0.03534083440899849,-4.0444650295512477e-8,0.9993753433227539],"moveX":0,"velY":0.000019460458133835347,"velX":-9.410427992406767e-11,"velZ":1.4304646356322338e-10,"jump":false},{"moveZ":0,"moveY":0,"looker":[-540.8785400390625,3.0509772300720217,676.3623046875,0.9993753433227539,3.4325708497817689e-8,-0.03534083440899849,-3.245598634293856e-8,1,5.34791730899542e-8,0.03534083440899849,-5.229874489032227e-8,0.9993753433227539],"moveX":0,"velY":0.000019460458133835347,"velX":-9.404743650520686e-11,"velZ":1.4298962014436257e-10,"jump":false},{"moveZ":0,"moveY":0,"looker":[-540.8785400390625,3.0509772300720217,676.3623046875,0.9993753433227539,3.8222790266218e-8,-0.03534083440899849,-3.614123400552671e-8,1,5.953834403271685e-8,0.03534083440899849,-5.822389326226585e-8,0.9993753433227539],"moveX":0,"velY":0.000019460458133835347,"velX":-9.404743650520686e-11,"velZ":1.4296119843493217e-10,"jump":false},{"moveZ":0,"moveY":0,"looker":[-540.8785400390625,3.0509772300720217,676.3623046875,0.9993753433227539,4.6014456245302429e-8,-0.03534083440899849,-4.350936677610662e-8,1,7.165281346033226e-8,0.03534083440899849,-7.007039215523037e-8,0.9993753433227539],"moveX":0,"velY":0.000019460458133835347,"velX":-9.401901479577646e-11,"velZ":1.4290435501607136e-10,"jump":false},{"moveZ":0,"moveY":0,"looker":[-540.8785400390625,3.0509772300720217,676.3623046875,0.9993753433227539,4.990904045598654e-8,-0.03534083440899849,-4.719225188409837e-8,1,7.770810128704398e-8,0.03534083440899849,-7.59917426762513e-8,0.9993753433227539],"moveX":0,"velY":0.000019460456314845943,"velX":-9.396217137691565e-11,"velZ":1.4287593330664095e-10,"jump":false},{"moveZ":0,"moveY":0,"looker":[-540.8785400390625,3.0509772300720217,676.3623046875,0.9993753433227539,5.7695714872352258e-8,-0.03534083440899849,-5.455566309819915e-8,1,8.981479737713016e-8,0.03534083440899849,-8.783064942008423e-8,0.9993753433227539],"moveX":0,"velY":0.000019460456314845943,"velX":-9.393374966748525e-11,"velZ":1.4284751159721055e-10,"jump":false},{"moveZ":0,"moveY":0,"looker":[-540.8785400390625,3.0509772300720217,676.3623046875,0.9993753433227539,6.547906394871461e-8,-0.03534083440899849,-6.191593371340787e-8,1,1.0191632071610002e-7,0.03534083440899849,-9.966449709963854e-8,0.9993753433227539],"moveX":0,"velY":0.000019460456314845943,"velX":-9.390532795805484e-11,"velZ":1.4273382475948893e-10,"jump":false},{"moveZ":0,"moveY":0,"looker":[-540.8785400390625,3.0509772300720217,676.3623046875,0.9993753433227539,5.979060802019376e-8,-0.03534083440899849,-5.653715362541334e-8,1,9.30585954961316e-8,0.03534083440899849,-9.100239140025224e-8,0.9993753433227539],"moveX":0,"velY":0.00001945932126545813,"velX":-6.761536042176886e-7,"velZ":0.0000010289691090292764,"jump":false},{"moveZ":0,"moveY":0,"looker":[-540.8785400390625,3.0509772300720217,676.3623046875,0.9993753433227539,4.8417334141959148e-8,-0.03534083440899849,-4.57830431344064e-8,1,7.53488222926535e-8,0.03534083440899849,-7.368374355110063e-8,0.9993753433227539],"moveX":0,"velY":0.000019459323084447534,"velX":-9.496616826254467e-8,"velZ":1.4451910601565033e-7,"jump":false},{"moveZ":0,"moveY":0,"looker":[-540.8785400390625,3.0509772300720217,676.3623046875,0.9993753433227539,3.704892037603713e-8,-0.03534083440899849,-3.503352274947247e-8,1,5.764661992202491e-8,0.03534083440899849,-5.637249245182829e-8,0.9993753433227539],"moveX":0,"velY":0.000019459323084447534,"velX":-1.3236785889603198e-8,"velZ":2.0143545498285677e-8,"jump":false},{"moveZ":0,"moveY":0,"looker":[-540.8785400390625,3.0509772300720217,676.3623046875,0.9993753433227539,2.5685361393357199e-8,-0.03534083440899849,-2.4288597799682067e-8,1,3.9951977726104818e-8,0.03534083440899849,-3.9068641655148897e-8,0.9993753433227539],"moveX":0,"velY":0.000019459323084447534,"velX":-1.7436434518458555e-9,"velZ":2.653223418747075e-9,"jump":false},{"moveZ":0,"moveY":0,"looker":[-540.8785400390625,3.0509772300720217,676.3623046875,0.9993753433227539,2.0005403555956037e-8,-0.03534083440899849,-1.8917855726385825e-8,1,3.110749347001729e-8,0.03534083440899849,-3.04194891498355e-8,0.9993753433227539],"moveX":0,"velY":0.000019459323084447534,"velX":-5.682068149326369e-10,"velZ":8.644747140351683e-10,"jump":false},{"moveZ":0,"moveY":0,"looker":[-540.8785400390625,3.0509772300720217,676.3623046875,0.9993753433227539,2.9728062234113396e-9,-0.03534083440899849,-2.8125122231159595e-9,1,4.585378743371393e-9,0.03534083440899849,-4.4831178769300099e-9,0.9993753433227539],"moveX":0,"velY":0.000019459323084447534,"velX":9.976020010071807e-11,"velZ":-1.5205614545266145e-10,"jump":false},{"moveZ":0,"moveY":0,"looker":[-540.8785400390625,3.0509772300720217,676.3623046875,0.9993753433227539,-2.70230038346142e-9,-0.03534083440899849,2.5536424086425315e-9,1,-4.251547558453694e-9,0.03534083440899849,4.1586436516638518e-9,0.9993753433227539],"moveX":0,"velY":0.000019459323084447534,"velX":1.2300915841478855e-10,"velZ":-1.8741275198408403e-10,"jump":false},{"moveZ":0,"moveY":0,"looker":[-540.8785400390625,3.0509772300720217,676.3623046875,0.9993753433227539,-8.376194848835894e-9,-0.03534083440899849,7.918650624105794e-9,1,-1.308658514886929e-8,0.03534083440899849,1.2798558657323156e-8,0.9993753433227539],"moveX":0,"velY":0.000019459323084447534,"velX":1.3167777979106177e-10,"velZ":-2.0054358174093068e-10,"jump":false},{"moveZ":0,"moveY":0,"looker":[-540.8785400390625,3.0509772300720217,676.3623046875,0.9993753433227539,-1.97203480212238e-8,-0.03534083440899849,1.864522936045887e-8,1,-3.075099641591805e-8,0.03534083440899849,3.0072850876194937e-8,0.9993753433227539],"moveX":0,"velY":0.000019459323084447534,"velX":1.361115664622048e-10,"velZ":-2.0730794858536684e-10,"jump":false},{"moveZ":0,"moveY":0,"looker":[-540.8785400390625,3.0509772300720217,676.3623046875,0.9993753433227539,-3.105965618033224e-8,-0.03534083440899849,2.9367226872523135e-8,1,-4.840786260729146e-8,0.03534083440899849,4.7339760556042168e-8,0.9993753433227539],"moveX":0,"velY":0.000019459324903436938,"velX":1.3665157894138248e-10,"velZ":-2.0816059986827896e-10,"jump":false},{"moveZ":0,"moveY":0,"looker":[-540.8785400390625,3.0509772300720217,676.3623046875,0.9993753433227539,-4.239412021433964e-8,-0.03534083440899849,4.008464316029858e-8,1,-6.60571828348111e-8,0.03534083440899849,6.459929124957853e-8,0.9993753433227539],"moveX":0,"velY":0.000019459324903436938,"velX":1.3673684406967369e-10,"velZ":-2.0827428670600057e-10,"jump":false},{"moveZ":0,"moveY":0,"looker":[-540.8785400390625,3.0509772300720217,676.3623046875,0.9993753433227539,-4.805953679465347e-8,-0.03534083440899849,4.544163445530103e-8,1,-7.487901143576892e-8,0.03534083440899849,7.322628903239092e-8,0.9993753433227539],"moveX":0,"velY":0.000019459324903436938,"velX":1.3668000065081288e-10,"velZ":-2.0827428670600057e-10,"jump":false},{"moveZ":0,"moveY":0,"looker":[-540.8785400390625,3.0509772300720217,676.3623046875,0.9993753433227539,-5.938673552918772e-8,-0.03534083440899849,5.6152185123892198e-8,1,-9.251701982293526e-8,0.03534083440899849,9.04747565755315e-8,0.9993753433227539],"moveX":0,"velY":0.000019459324903436938,"velX":1.3662315723195207e-10,"velZ":-2.0816059986827896e-10,"jump":false},{"moveZ":0,"moveY":0,"looker":[-540.8785400390625,3.0509772300720217,676.3623046875,0.9993753433227539,-5.155769855491599e-8,-0.03534083440899849,4.874973313917508e-8,1,-8.03155160156166e-8,0.03534083440899849,7.85424845162197e-8,0.9993753433227539],"moveX":0,"velY":0.00001946045995282475,"velX":2.5345735821247219e-7,"velZ":-3.860920685383462e-7,"jump":false},{"moveZ":0,"moveY":0,"looker":[-540.8785400390625,3.0509772300720217,676.3623046875,0.9993753433227539,-4.373200468421601e-8,-0.03534083440899849,4.135044662234577e-8,1,-6.811922048655106e-8,0.03534083440899849,6.66153070483233e-8,0.9993753433227539],"moveX":0,"velY":0.00001946045995282475,"velX":3.5561299682740358e-8,"velZ":-5.417055604084453e-8,"jump":false},{"moveZ":0,"moveY":0,"looker":[-540.8785400390625,3.0509772300720217,676.3623046875,0.9993753433227539,-3.9820413633151477e-8,-0.03534083440899849,3.765198641758616e-8,1,-6.202302671454163e-8,0.03534083440899849,6.065363322704798e-8,0.9993753433227539],"moveX":0,"velY":0.00001946045995282475,"velX":1.3276491017677472e-8,"velZ":-2.022406420110201e-8,"jump":false},{"moveZ":0,"moveY":0,"looker":[-540.8785400390625,3.0509772300720217,676.3623046875,0.9993753433227539,-3.199973264145228e-8,-0.03534083440899849,3.025743922080437e-8,1,-4.983455070828313e-8,0.03534083440899849,4.8734097646274679e-8,0.9993753433227539],"moveX":0,"velY":0.00001946045995282475,"velX":1.7859349554782967e-9,"velZ":-2.7204407615499805e-9,"jump":false},{"moveZ":0,"moveY":0,"looker":[-540.8785400390625,3.0509772300720217,676.3623046875,0.9993753433227539,-2.8090646253531305e-8,-0.03534083440899849,2.656135045242536e-8,1,-4.3742264921320387e-8,0.03534083440899849,4.277623943949038e-8,0.9993753433227539],"moveX":0,"velY":0.00001946045995282475,"velX":6.107541139499517e-10,"velZ":-9.303278147854144e-10,"jump":false},{"moveZ":0,"moveY":0,"looker":[-540.8785400390625,3.0509772300720217,676.3623046875,0.9993753433227539,-2.027497991718974e-8,-0.03534083440899849,1.9171542575691093e-8,1,-3.156159777972789e-8,0.03534083440899849,3.0864342193126507e-8,0.9993753433227539],"moveX":0,"velY":0.00001946045995282475,"velX":4.860112312599085e-12,"velZ":-7.332801033044234e-12,"jump":false},{"moveZ":0,"moveY":0,"looker":[-540.8785400390625,3.0509772300720217,676.3623046875,0.9993753433227539,-1.2462651355349408e-8,-0.03534083440899849,1.178489039688202e-8,1,-1.9386133587318e-8,0.03534083440899849,1.8957534209107508e-8,0.9993753433227539],"moveX":0,"velY":0.00001946045995282475,"velX":-8.029132914089132e-11,"velZ":1.2241230251675007e-10,"jump":false},{"moveZ":0,"moveY":0,"looker":[-540.8785400390625,3.0509772300720217,676.3623046875,0.9993753433227539,-8.5577385178226e-9,-0.03534083440899849,8.092748693400154e-9,1,-1.3300351042744296e-8,0.03534083440899849,1.3006038024343525e-8,0.9993753433227539],"moveX":0,"velY":0.00001946045995282475,"velX":-8.901679393602535e-11,"velZ":1.3562839740188793e-10,"jump":false},{"moveZ":0,"moveY":0,"looker":[-540.8785400390625,3.0509772300720217,676.3623046875,0.9993753433227539,-7.504163956895127e-10,-0.03534083440899849,7.108303390346293e-10,1,-1.1326873883277245e-9,0.03534083440899849,1.10685849374903e-9,0.9993753433227539],"moveX":0,"velY":0.000019460458133835347,"velX":-9.345058060716838e-11,"velZ":1.4242118595575449e-10,"jump":false},{"moveZ":0,"moveY":0,"looker":[-540.8785400390625,3.0509772300720217,676.3623046875,0.9993753433227539,3.1519939991397907e-9,-0.03534083440899849,-2.9789462008267266e-9,1,4.9491948317381688e-9,0.03534083440899849,-4.840824630036877e-9,0.9993753433227539],"moveX":0,"velY":0.000019460458133835347,"velX":-9.387690624862444e-11,"velZ":1.4310330698208419e-10,"jump":false},{"moveZ":0,"moveY":0,"looker":[-540.8785400390625,3.0509772300720217,676.3623046875,0.9993753433227539,1.0954313900413127e-8,-0.03534083440899849,-1.0356134616529289e-8,1,1.7109062611098126e-8,0.03534083440899849,-1.6732380814232785e-8,0.9993753433227539],"moveX":0,"velY":0.000019460458133835347,"velX":-9.410427992406767e-11,"velZ":1.4335910236695782e-10,"jump":false},{"moveZ":0,"moveY":0,"looker":[-540.8785400390625,3.0509772300720217,676.3623046875,0.9993753433227539,1.8753301134211143e-8,-0.03534083440899849,-1.773017110906494e-8,1,2.9263736323059676e-8,0.03534083440899849,-2.8618856617868006e-8,0.9993753433227539],"moveX":0,"velY":0.000019460458133835347,"velX":-9.410427992406767e-11,"velZ":1.4338752407638823e-10,"jump":false},{"moveZ":0,"moveY":0,"looker":[-540.8785400390625,3.0509772300720217,676.3623046875,0.9993753433227539,2.6548955034400025e-8,-0.03534083440899849,-2.5101057232745917e-8,1,4.14132195203365e-8,0.03534083440899849,-4.050025737001306e-8,0.9993753433227539],"moveX":0,"velY":0.000019460458133835347,"velX":-9.404743650520686e-11,"velZ":1.433306806575274e-10,"jump":false},{"moveZ":-0.9993753433227539,"moveY":0,"looker":[-540.8766479492188,3.0509772300720217,676.3087768554688,0.9993753433227539,3.434128004187187e-8,-0.03534083440899849,-3.2468793875750637e-8,1,5.355751042657175e-8,0.03534083440899849,-5.237658129431111e-8,0.9993753433227539],"moveX":0.03534002602100372,"velY":0.000019460458133835347,"velX":0.3028632402420044,"velZ":-8.56462287902832,"jump":false},{"moveZ":-0.9993753433227539,"moveY":0,"looker":[-540.874755859375,3.0509772300720217,676.2552490234375,0.9993753433227539,3.823619465492811e-8,-0.03534083440899849,-3.615148358449005e-8,1,5.96277089925934e-8,0.03534083440899849,-5.8312839001928299e-8,0.9993753433227539],"moveX":0.03534002602100372,"velY":0.000019460458133835347,"velX":0.4542948305606842,"velZ":-12.846935272216797,"jump":false},{"moveZ":-0.9993753433227539,"moveY":0,"looker":[-540.8702392578125,3.057521104812622,676.1287841796875,0.9993753433227539,4.6023522770610728e-8,-0.03534083440899849,-4.3514500447372487e-8,1,7.176421945587208e-8,0.03534083440899849,-7.018154946081268e-8,0.9993753433227539],"moveX":0.03534002602100372,"velY":0.939690113067627,"velX":0.5498105883598328,"velZ":-15.54801082611084,"jump":false},{"moveZ":-0.9993753433227539,"moveY":0,"looker":[-540.8656005859375,3.066375732421875,675.9965209960938,0.9993753433227539,5.380752909900366e-8,-0.03534083440899849,-5.08743696059355e-8,1,8.389554295717972e-8,0.03534083440899849,-8.204519019727741e-8,0.9993753433227539],"moveX":0.03534002602100372,"velY":1.0670403242111207,"velX":0.563242495059967,"velZ":-15.927849769592286,"jump":false},{"moveZ":-0.9993753433227539,"moveY":0,"looker":[-540.8632202148438,3.070610523223877,675.9299926757813,0.9993753433227539,5.769828348434203e-8,-0.03534083440899849,-5.4553126460632487e-8,1,8.995925782073755e-8,0.03534083440899849,-8.797510986369162e-8,0.9993753433227539],"moveX":0.03534002602100372,"velY":1.0163365602493287,"velX":0.5646162033081055,"velZ":-15.966696739196778,"jump":false},{"moveZ":-0.9993753433227539,"moveY":0,"looker":[-540.8584594726563,3.068861246109009,675.7968139648438,0.9993753433227539,6.547730180272993e-8,-0.03534083440899849,-6.190828116814373e-8,1,1.0208280798451597e-7,0.03534083440899849,-9.983114779288371e-8,0.9993753433227539],"moveX":0.03534002602100372,"velY":-0.6186635494232178,"velX":0.5653245449066162,"velZ":-15.986727714538575,"jump":false},{"moveZ":-0.9993753433227539,"moveY":0,"looker":[-540.8536987304688,3.0710060596466066,675.6635131835938,0.9993753433227539,5.409950176726852e-8,-0.03534083440899849,-5.1150752966577787e-8,1,8.434162879211726e-8,0.03534083440899849,-8.248123606335867e-8,0.9993753433227539],"moveX":0.03534002602100372,"velY":0.4426259994506836,"velX":0.565423846244812,"velZ":-15.989543914794922,"jump":false},{"moveZ":-0.9993753433227539,"moveY":0,"looker":[-540.8489379882813,3.0764408111572267,675.5302124023438,0.9993753433227539,4.2726565396833396e-8,-0.03534083440899849,-4.0397818423798529e-8,1,6.660803109070912e-8,0.03534083440899849,-6.51387352945676e-8,0.9993753433227539],"moveX":0.03534002602100372,"velY":0.6841340661048889,"velX":0.5654380917549133,"velZ":-15.989940643310547,"jump":false},{"moveZ":-0.9993753433227539,"moveY":0,"looker":[-540.8465576171875,3.075885057449341,675.4635620117188,0.9993753433227539,3.7041917977376218e-8,-0.03534083440899849,-3.5023074218543118e-8,1,5.7744077963661769e-8,0.03534083440899849,-5.647026313226888e-8,0.9993753433227539],"moveX":0.03534002602100372,"velY":-0.13336598873138429,"velX":0.5654395222663879,"velZ":-15.989981651306153,"jump":false},{"moveZ":-0.9993753433227539,"moveY":0,"looker":[-540.841796875,3.0645549297332765,675.3302612304688,0.9993753433227539,2.567626644633947e-8,-0.03534083440899849,-2.4277026611230214e-8,1,4.002185249873946e-8,0.03534083440899849,-3.913887880457878e-8,0.9993753433227539],"moveX":0.03534002602100372,"velY":-1.7683660984039307,"velX":0.56544029712677,"velZ":-15.990002632141114,"jump":false},{"moveZ":-0.9993753433227539,"moveY":0,"looker":[-540.8370361328125,3.039599895477295,675.1969604492188,0.9993753433227539,1.4315470586723223e-8,-0.03534083440899849,-1.3535570886347159e-8,1,2.2307196090309845e-8,0.03534083440899849,-2.1814901884908978e-8,0.9993753433227539],"moveX":0.03534002602100372,"velY":-3.4033663272857668,"velX":0.5654404163360596,"velZ":-15.990005493164063,"jump":false},{"moveZ":-0.9993753433227539,"moveY":0,"looker":[-540.832275390625,3.0296332836151125,675.0636596679688,0.9993752837181091,2.95956481544124e-9,-0.03534255176782608,-2.798734355380361e-9,1,4.600090530715306e-9,0.03534255176782608,-4.498302175193203e-9,0.9993752837181091],"moveX":0.03534002602100372,"velY":-0.6906840801239014,"velX":0.5654404163360596,"velZ":-15.990005493164063,"jump":false},{"moveZ":-0.9993752837181091,"moveY":0,"looker":[-540.8275146484375,3.0300791263580324,674.9303588867188,0.9994117617607117,-8.396246364839044e-9,-0.03429437056183815,7.95207366621753e-9,1,-1.308818209366791e-8,0.03429437056183815,1.2807771732070706e-8,0.9994117617607117],"moveX":0.03534204512834549,"velY":0.21426880359649659,"velX":0.5654681921005249,"velZ":-15.990004539489746,"jump":false},{"moveZ":-0.9994118213653565,"moveY":0,"looker":[-540.8203735351563,3.6823601722717287,674.7304077148438,0.9994471669197083,-2.540036447840066e-8,-0.03324698656797409,2.409745469833524e-8,1,-3.958951566573887e-8,0.03324698656797409,3.876646204048484e-8,0.9994471669197083],"moveX":0.034293003380298617,"velY":51.3650016784668,"velX":0.5654681921005249,"velZ":-15.990004539489746,"jump":false},{"moveZ":-0.999447226524353,"moveY":0,"looker":[-540.818115234375,3.892974853515625,674.6637573242188,0.9994471669197083,-3.1070456429915797e-8,-0.0332469716668129,2.9476948881779209e-8,1,-4.841951906087161e-8,0.0332469716668129,4.741272974229105e-8,0.9994471669197083],"moveX":0.03324595093727112,"velY":50.54750061035156,"velX":0.5445098280906677,"velZ":-15.990723609924317,"jump":false},{"moveZ":-0.999447226524353,"moveY":0,"looker":[-540.8114624023438,4.5043816566467289,674.4638061523438,0.9994792342185974,-4.8021579601709166e-8,-0.032268039882183078,4.5629011680148326e-8,1,-7.488305442393539e-8,0.032268039882183078,7.337170160326423e-8,0.9994792342185974],"moveX":0.03324594721198082,"velY":48.09499740600586,"velX":0.532596230506897,"velZ":-15.991132736206055,"jump":true},{"moveZ":-0.9994814395904541,"moveY":0,"looker":[-540.80712890625,4.894954681396484,674.3305053710938,0.9994805455207825,-5.9341246583244359e-8,-0.03222842514514923,5.638896993787057e-8,1,-9.251373001006869e-8,0.03222842514514923,9.064834216587769e-8,0.9994805455207825],"moveX":0.03220105916261673,"velY":46.45999526977539,"velX":0.5176602602005005,"velZ":-15.991622924804688,"jump":true},{"moveZ":-0.9994814395904541,"moveY":0,"looker":[-540.8028564453125,5.271902561187744,674.1972045898438,0.9994810819625855,-7.065820994966998e-8,-0.032211415469646457,6.71454287726192e-8,1,-1.1013576539653514e-7,0.032211415469646457,1.0791575988378099e-7,0.9994810819625855],"moveX":0.03220105916261673,"velY":44.82499313354492,"velX":0.5155600905418396,"velZ":-15.991690635681153,"jump":true},{"moveZ":-0.9994814395904541,"moveY":0,"looker":[-540.798583984375,5.635225296020508,674.0639038085938,0.9994812607765198,-8.197174850010924e-8,-0.03220563009381294,7.789789435719286e-8,1,-1.277498711260705e-7,0.03220563009381294,1.251748642516759e-7,0.9994812607765198],"moveX":0.03220106288790703,"velY":43.18999099731445,"velX":0.5152648687362671,"velZ":-15.991701126098633,"jump":true},{"moveZ":-0.9994814395904541,"moveY":0,"looker":[-540.7943115234375,5.984923362731934,673.9306030273438,0.9994813203811646,-8.331811329753691e-8,-0.032203663140535358,7.917804367707504e-8,1,-1.298342908739869e-7,0.032203663140535358,1.272171203936523e-7,0.9994813203811646],"moveX":0.03220106288790703,"velY":41.554988861083987,"velX":0.5152240991592407,"velZ":-15.991703033447266,"jump":true},{"moveZ":-0.9994814395904541,"moveY":0,"looker":[-540.7921752929688,6.1546630859375,673.8639526367188,0.9994813799858093,-7.901022058831586e-8,-0.03220292553305626,7.508446486781395e-8,1,-1.2311593877711858e-7,0.03220292553305626,1.206341551096557e-7,0.9994813799858093],"moveX":0.03220106288790703,"velY":40.73748779296875,"velX":0.5152198672294617,"velZ":-15.991703033447266,"jump":true},{"moveZ":-0.9994814395904541,"moveY":0,"looker":[-540.7879028320313,6.483923435211182,673.7306518554688,0.9994813799858093,-7.039738392222717e-8,-0.03220285102725029,6.689995757369616e-8,1,-1.0968354757778798e-7,0.03220285102725029,1.0747228884611104e-7,0.9994813799858093],"moveX":0.03220106288790703,"velY":39.10248565673828,"velX":0.515217661857605,"velZ":-15.991703033447266,"jump":true},{"moveZ":-0.9994814395904541,"moveY":0,"looker":[-540.7836303710938,6.799558639526367,673.5973510742188,0.9994813799858093,-6.178824207836442e-8,-0.032202716916799548,5.8718963913406699e-8,1,-9.625687624748025e-8,0.032202716916799548,9.431604297560625e-8,0.9994813799858093],"moveX":0.03220105916261673,"velY":37.46748352050781,"velX":0.5152173042297363,"velZ":-15.991703033447266,"jump":true},{"moveZ":-0.9994814395904541,"moveY":0,"looker":[-540.779541015625,6.949326038360596,673.4715576171875,0.9994814395904541,-5.3182514392347e-8,-0.03219974413514137,5.054142704352671e-8,1,-8.283596741875954e-8,0.03219974413514137,8.116559513382527e-8,0.9994814395904541],"moveX":0.03220106288790703,"velY":14.893863677978516,"velX":0.4768443703651428,"velZ":-14.800653457641602,"jump":false},{"moveZ":-0.9994814991950989,"moveY":0,"looker":[-540.7857666015625,7.379989147186279,673.664794921875,0.9994814395904541,-4.458074798208145e-8,-0.03219975531101227,4.2367382491192987e-8,1,-6.942079977534377e-8,0.03219975531101227,6.802058294397284e-8,0.9994814395904541],"moveX":0.0321989543735981,"velY":51.270816802978519,"velX":-0.7471320033073425,"velZ":23.191587448120118,"jump":false},{"moveZ":-0.9994814991950989,"moveY":0,"looker":[-540.791748046875,7.797027111053467,673.8506469726563,0.9995135068893433,-3.591012998072074e-8,-0.031188897788524629,3.417953209350344e-8,1,-5.6020827088332228e-8,0.031188897788524629,5.492755050795495e-8,0.9995135068893433],"moveX":0.0321989580988884,"velY":49.63581466674805,"velX":-0.7087630033493042,"velZ":22.000537872314454,"jump":false},{"moveZ":-0.9995146989822388,"moveY":0,"looker":[-540.8027954101563,8.590229034423829,674.1925048828125,0.9995138049125671,-1.8715354599407875e-8,-0.031178994104266168,1.7812521235782698e-8,1,-2.923421860145936e-8,0.031178994104266168,2.866462978090567e-8,0.9995138049125671],"moveX":0.031151095405220987,"velY":46.36581039428711,"velX":-0.6330722570419312,"velZ":19.618406295776368,"jump":false},{"moveZ":-0.9995146989822388,"moveY":0,"looker":[-540.807861328125,8.966392517089844,674.3485717773438,0.999514639377594,-1.0123377691684255e-8,-0.031152945011854173,9.63430490941164e-9,1,-1.5849185075467177e-8,0.031152945011854173,1.5541354869696989e-8,0.999514639377594],"moveX":0.031151100993156434,"velY":44.73080825805664,"velX":-0.5952273011207581,"velZ":18.427339553833009,"jump":false},{"moveZ":-0.9995146989822388,"moveY":0,"looker":[-540.8125610351563,9.328929901123047,674.4946899414063,0.9995146989822388,-1.5358311289404015e-9,-0.03115132451057434,1.4596004405120767e-9,1,-2.469847881769738e-9,0.03115132451057434,2.423180767152644e-9,0.9995146989822388],"moveX":0.031151100993156434,"velY":43.09580612182617,"velX":-0.5573824644088745,"velZ":17.23627281188965,"jump":false},{"moveZ":-0.9995146989822388,"moveY":0,"looker":[-540.8148193359375,9.50508975982666,674.5640258789063,0.9995146989822388,2.7565509874705187e-9,-0.03115064464509487,-2.626442174857857e-9,1,4.21767731850764e-9,0.03115064464509487,-4.133815068030344e-9,0.9995146989822388],"moveX":0.031151100993156434,"velY":42.27830505371094,"velX":-0.5384600162506104,"velZ":16.64073944091797,"jump":false},{"moveZ":-0.9995146989822388,"moveY":0,"looker":[-540.8190307617188,9.847189903259278,674.6952514648438,0.9995146989822388,1.1338560312879054e-8,-0.031150653958320619,-1.0795908167438029e-8,1,1.7588442702276553e-8,0.031150653958320619,-1.724360743082798e-8,0.9995146989822388],"moveX":0.031151100993156434,"velY":40.64330291748047,"velX":-0.500615119934082,"velZ":15.449673652648926,"jump":false},{"moveZ":-0.9995146989822388,"moveY":0,"looker":[-540.822998046875,10.175665855407715,674.8165283203125,0.9995146989822388,1.9916901905503438e-8,-0.031150544062256814,-1.8961886283364039e-8,1,3.0953493990182326e-8,0.031150544062256814,-3.0347798940510987e-8,0.9995146989822388],"moveX":0.031151100993156434,"velY":39.00830078125,"velX":-0.4627702832221985,"velZ":14.2586088180542,"jump":false},{"moveZ":-0.9995146989822388,"moveY":0,"looker":[-540.8265991210938,10.49051570892334,674.9279174804688,0.9995146989822388,2.8491578873968139e-8,-0.03115050680935383,-2.7124375634457466e-8,1,4.431283429084942e-8,0.03115050680935383,-4.34463913734362e-8,0.9995146989822388],"moveX":0.031151100993156434,"velY":37.37329864501953,"velX":-0.42492544651031496,"velZ":13.067543983459473,"jump":false},{"moveZ":-0.9995146989822388,"moveY":0,"looker":[-540.8283081054688,10.642831802368164,674.9798583984375,0.9995146989822388,3.277754245800679e-8,-0.031150469556450845,-3.120431202319196e-8,1,5.0990362154834659e-8,0.031150469556450845,-4.9993587936114639e-8,0.9995146989822388],"moveX":0.031151100993156434,"velY":36.5557975769043,"velX":-0.40600302815437319,"velZ":12.47201156616211,"jump":false},{"moveZ":-0.9995146989822388,"moveY":0,"looker":[-540.8314208984375,10.937244415283204,675.0763549804688,0.9995146989822388,4.134672693112407e-8,-0.031150491908192636,-3.9361570003393356e-8,1,6.434113686282217e-8,0.031150491908192636,-6.308378175390317e-8,0.9995146989822388],"moveX":0.031151100993156434,"velY":34.92079544067383,"velX":-0.3681581914424896,"velZ":11.280946731567383,"jump":false},{"moveZ":-0.9995146989822388,"moveY":0,"looker":[-540.8342895507813,11.218032836914063,675.1629028320313,0.9995146989822388,4.99122485564385e-8,-0.031150488182902337,-4.7515342771475846e-8,1,7.76862094653552e-8,0.031150488182902337,-7.616837649493391e-8,0.9995146989822388],"moveX":0.031151100993156434,"velY":33.28579330444336,"velX":-0.3303133547306061,"velZ":10.089881896972657,"jump":false},{"moveZ":-0.9995146989822388,"moveY":0,"looker":[-540.8367919921875,11.48519515991211,675.239501953125,0.9995146989822388,5.8474110886663769e-8,-0.031150488182902337,-5.566563388015311e-8,1,9.102556930429273e-8,0.031150488182902337,-8.924738637006158e-8,0.9995146989822388],"moveX":0.031151100993156434,"velY":31.650793075561525,"velX":-0.29246851801872256,"velZ":8.89881706237793,"jump":false},{"moveZ":-0.9995146989822388,"moveY":0,"looker":[-540.8379516601563,11.613667488098145,675.2741088867188,0.9995146989822388,6.275367070429638e-8,-0.031150465831160547,-5.97394702595011e-8,1,9.769311759555421e-8,0.031150465831160547,-9.578479165384124e-8,0.9995146989822388],"moveX":0.031151100993156434,"velY":30.833293914794923,"velX":-0.27354609966278078,"velZ":8.303284645080567,"jump":false},{"moveZ":-0.9995146989822388,"moveY":0,"looker":[-540.8399658203125,11.860392570495606,675.3358764648438,0.9995146989822388,7.131004764460158e-8,-0.031150488182902337,-6.788454243178421e-8,1,1.110239367108079e-7,0.031150488182902337,-1.0885541712468694e-7,0.9995146989822388],"moveX":0.031151100993156434,"velY":29.19829559326172,"velX":-0.23570126295089723,"velZ":7.112218379974365,"jump":false},{"moveZ":-0.9995146989822388,"moveY":0,"looker":[-540.8417358398438,12.093493461608887,675.3876953125,0.9995146989822388,7.986276528981762e-8,-0.031150488182902337,-7.602612583923474e-8,1,1.243490572733208e-7,0.031150488182902337,-1.2192046483505693e-7,0.9995146989822388],"moveX":0.031151100993156434,"velY":27.563297271728517,"velX":-0.19785642623901368,"velZ":5.921152591705322,"jump":false},{"moveZ":-0.9995146989822388,"moveY":0,"looker":[-540.8424682617188,12.204934120178223,675.409912109375,0.9995146989822388,8.413775276494562e-8,-0.031150465831160547,-8.00956101443262e-8,1,1.3100948592636997e-7,0.031150465831160547,-1.2845089258917143e-7,0.9995146989822388],"moveX":0.031151100993156434,"velY":26.745798110961915,"velX":-0.1789340078830719,"velZ":5.325619697570801,"jump":false},{"moveZ":-0.9995146989822388,"moveY":0,"looker":[-540.84375,12.417596817016602,675.4468383789063,0.9995146989822388,9.268499212566894e-8,-0.031150488182902337,-8.823197816809625e-8,1,1.4432607997605374e-7,0.031150488182902337,-1.4150757010611415e-7,0.9995146989822388],"moveX":0.031151100993156434,"velY":25.11079978942871,"velX":-0.14108917117118836,"velZ":4.134553909301758,"jump":false},{"moveZ":-0.9995146989822388,"moveY":0,"looker":[-540.84423828125,12.518818855285645,675.4616088867188,0.9995146989822388,8.713117694014727e-8,-0.031150465831160547,-8.29449362527157e-8,1,1.3567994017193997e-7,0.031150465831160547,-1.3303031209943584e-7,0.9995146989822388],"moveX":0.031151100993156434,"velY":24.29330062866211,"velX":-0.1221674457192421,"velZ":3.539022207260132,"jump":false},{"moveZ":-0.9995146989822388,"moveY":0,"looker":[-540.8450317382813,12.711044311523438,675.483642578125,0.9995146989822388,7.60271205990648e-8,-0.031150488182902337,-7.23742417108042e-8,1,1.1839318858619663e-7,0.031150488182902337,-1.1608123884343513e-7,0.9995146989822388],"moveX":0.031151100993156434,"velY":22.658302307128908,"velX":-0.08432260900735855,"velZ":2.347956418991089,"jump":false},{"moveZ":-0.9995146989822388,"moveY":0,"looker":[-540.845458984375,12.889644622802735,675.4957885742188,0.9995146989822388,6.492781068345721e-8,-0.031150488182902337,-6.180805911526477e-8,1,1.0111383375033256e-7,0.031150488182902337,-9.913941312333918e-8,0.9995146989822388],"moveX":0.031151100993156434,"velY":21.023303985595704,"velX":-0.046477772295475009,"velZ":1.1568905115127564,"jump":false},{"moveZ":-0.9995146989822388,"moveY":0,"looker":[-540.8455810546875,12.973835945129395,675.4981079101563,0.9995146989822388,5.9379928529779139e-8,-0.031150465831160547,-5.652666246191984e-8,1,9.247692389635631e-8,0.031150465831160547,-9.067121453654181e-8,0.9995146989822388],"moveX":0.031151100993156434,"velY":20.2058048248291,"velX":-0.027555357664823533,"velZ":0.5613576769828796,"jump":false},{"moveZ":-0.9995146989822388,"moveY":0,"looker":[-540.8456420898438,13.054620742797852,675.4979858398438,0.9995146989822388,5.383323653518346e-8,-0.031150465831160547,-5.124639201881109e-8,1,8.384186145349304e-8,0.031150465831160547,-8.220482072829327e-8,0.9995146989822388],"moveX":0.031151100993156434,"velY":19.3883056640625,"velX":-0.008632941171526909,"velZ":-0.03417515754699707,"jump":false},{"moveZ":-0.9995146989822388,"moveY":0,"looker":[-540.845458984375,13.205970764160157,675.490234375,0.9995146989822388,4.274340881238459e-8,-0.031150488182902337,-4.0689240421443176e-8,1,6.65772645902507e-8,0.031150488182902337,-6.527746876372476e-8,0.9995146989822388],"moveX":0.031151100993156434,"velY":17.753307342529298,"velX":0.02921188622713089,"velZ":-1.2252408266067505,"jump":false},{"moveZ":-0.9995146989822388,"moveY":0,"looker":[-540.844970703125,13.343696594238282,675.4725952148438,0.9995146989822388,3.1658316856919558e-8,-0.031150488182902337,-3.013660077044733e-8,1,4.93200538187466e-8,0.031150488182902337,-4.83573465714926e-8,0.9995146989822388],"moveX":0.031151100993156434,"velY":16.118309020996095,"velX":0.06705671548843384,"velZ":-2.416306495666504,"jump":false},{"moveZ":-0.9995146989822388,"moveY":0,"looker":[-540.8441772460938,13.46779727935791,675.4450073242188,0.9995146989822388,2.0577964221502044e-8,-0.031150488182902337,-1.9588467736753047e-8,1,3.2070214928126009e-8,0.031150488182902337,-3.144446125702416e-8,0.9995146989822388],"moveX":0.031151100993156434,"velY":14.483308792114258,"velX":0.10490155220031738,"velZ":-3.607372283935547,"jump":false},{"moveZ":-0.9995146989822388,"moveY":0,"looker":[-540.8436889648438,13.524738311767579,675.427490234375,0.9995146989822388,1.5039562484275849e-8,-0.031150465831160547,-1.4316092311617013e-8,1,2.3448059494057817e-8,0.031150465831160547,-2.2990727543970025e-8,0.9995146989822388],"moveX":0.031151100993156434,"velY":13.66580867767334,"velX":0.12382397055625916,"velZ":-4.202905178070068,"jump":false},{"moveZ":-0.9995146989822388,"moveY":0,"looker":[-540.8424072265625,13.628400802612305,675.385009765625,0.9995146989822388,3.966311279413048e-9,-0.031150488182902337,-3.774720980231905e-9,1,6.209276648405648e-9,0.031150488182902337,-6.088678894400346e-9,0.9995146989822388],"moveX":0.031151100993156434,"velY":12.030808448791504,"velX":0.1616688072681427,"velZ":-5.393970966339111,"jump":false},{"moveZ":-0.9995146989822388,"moveY":0,"looker":[-540.8408203125,13.718439102172852,675.3325805664063,0.9995146989822388,-7.102209487186428e-9,-0.031150488182902337,6.762145954297694e-9,1,-1.1022139645433527e-8,0.031150488182902337,1.0806146200081912e-8,0.9995146989822388],"moveX":0.031151100993156434,"velY":10.395808219909668,"velX":0.19951364398002625,"velZ":-6.585036754608154,"jump":false},{"moveZ":-0.9995146989822388,"moveY":0,"looker":[-540.8399047851563,13.75834846496582,675.3026733398438,0.9995146989822388,-1.263469595613742e-8,-0.031150465831160547,1.2028890772342038e-8,1,-1.9635086445646267e-8,0.031150465831160547,1.9250851579499796e-8,0.9995146989822388],"moveX":0.031151100993156434,"velY":9.57830810546875,"velX":0.21843606233596803,"velZ":-7.180569648742676,"jump":false},{"moveZ":-0.9995146989822388,"moveY":0,"looker":[-540.837890625,13.827949523925782,675.2353515625,0.9995146989822388,-2.3696122397609544e-8,-0.031150488182902337,2.2559005330435867e-8,1,-3.685545735265805e-8,0.031150488182902337,3.613484622633223e-8,0.9995146989822388],"moveX":0.031151100993156434,"velY":7.943307876586914,"velX":0.25628089904785159,"velZ":-8.371634483337403,"jump":false},{"moveZ":-0.9995146989822388,"moveY":0,"looker":[-540.8367309570313,13.857640266418457,675.197998046875,0.9995146989822388,-2.9225061481952254e-8,-0.031150465831160547,2.782237373821772e-8,1,-4.5462883235813936e-8,0.031150465831160547,4.457413993463888e-8,0.9995146989822388],"moveX":0.031151100993156434,"velY":7.125807762145996,"velX":0.27520331740379336,"velZ":-8.967167854309082,"jump":false},{"moveZ":-0.9995146989822388,"moveY":0,"looker":[-540.834228515625,13.906803131103516,675.1158447265625,0.9995146989822388,-4.027939937145675e-8,-0.031150488182902337,3.834573902850025e-8,1,-6.26722211904962e-8,0.031150488182902337,6.144731656831937e-8,0.9995146989822388],"moveX":0.031151100993156434,"velY":5.49080753326416,"velX":0.3130481541156769,"velZ":-10.158233642578125,"jump":false},{"moveZ":-0.9995146989822388,"moveY":0,"looker":[-540.8313598632813,13.942340850830079,675.0237426757813,0.9995146989822388,-5.132901392812528e-8,-0.031150488182902337,4.886460658326541e-8,1,-7.987420502786336e-8,0.031150488182902337,7.831328474594557e-8,0.9995146989822388],"moveX":0.031151100993156434,"velY":3.855807304382324,"velX":0.3508929908275604,"velZ":-11.349298477172852,"jump":false},{"moveZ":-0.9995146989822388,"moveY":0,"looker":[-540.8281860351563,13.964254379272461,674.9217529296875,0.9995146989822388,-6.237390692831468e-8,-0.031150488182902337,5.9378979955226899e-8,1,-9.706883474791539e-8,0.031150488182902337,9.517204802023116e-8,0.9995146989822388],"moveX":0.031151100993156434,"velY":2.2208070755004885,"velX":0.38873782753944399,"velZ":-12.540363311767579,"jump":false},{"moveZ":-0.9995146989822388,"moveY":0,"looker":[-540.82470703125,13.972541809082032,674.809814453125,0.9995146989822388,-7.341407837202496e-8,-0.031150488182902337,6.988886269709838e-8,1,-1.1425611745607967e-7,0.031150488182902337,1.1202359928574879e-7,0.9995146989822388],"moveX":0.031151100993156434,"velY":0.5858069062232971,"velX":0.42658260464668276,"velZ":-13.731428146362305,"jump":false},{"moveZ":-0.9995146989822388,"moveY":0,"looker":[-540.8228759765625,13.971576690673829,674.7501220703125,0.9995146989822388,-7.893239484246806e-8,-0.031150465831160547,7.514211830539353e-8,1,-1.2284699835163338e-7,0.031150465831160547,1.2044667130339804e-7,0.9995146989822388],"moveX":0.031151100993156434,"velY":-0.23169314861297608,"velX":0.4455049932003021,"velZ":-14.326960563659668,"jump":false},{"moveZ":-0.9995146989822388,"moveY":0,"looker":[-540.8189086914063,13.959426879882813,674.623291015625,0.9995146989822388,-8.03359938572612e-8,-0.031150488182902337,7.64782086548621e-8,1,-1.250351147064066e-7,0.031150488182902337,1.225921124614615e-7,0.9995146989822388],"moveX":0.031151100993156434,"velY":-1.8666932582855225,"velX":0.4833504557609558,"velZ":-15.518026351928711,"jump":false},{"moveZ":-0.9995146989822388,"moveY":0,"looker":[-540.8147583007813,13.933652877807618,674.4910278320313,0.9995146989822388,-7.211156116682105e-8,-0.031150488182902337,6.864862456268384e-8,1,-1.122373518569475e-7,0.031150488182902337,1.1004444644413525e-7,0.9995146989822388],"moveX":0.031151100993156434,"velY":-3.5016934871673586,"velX":0.49629905819892886,"velZ":-15.925549507141114,"jump":false},{"moveZ":-0.9995146989822388,"moveY":0,"looker":[-540.8126831054688,13.915656089782715,674.4244995117188,0.9995146989822388,-6.800065222023477e-8,-0.031150465831160547,6.4735090177237e-8,1,-1.0584052034801062e-7,0.031150465831160547,1.03772627824128e-7,0.9995146989822388],"moveX":0.031151100993156434,"velY":-4.319193363189697,"velX":0.49762335419654848,"velZ":-15.967227935791016,"jump":false},{"moveZ":-0.9995146989822388,"moveY":0,"looker":[-540.8085327148438,13.869443893432618,674.2913208007813,0.9995146989822388,-5.97814846514666e-8,-0.031150488182902337,5.69105225167732e-8,1,-9.305095005629482e-8,0.031150488182902337,9.123300515057054e-8,0.9995146989822388],"moveX":0.031151100993156434,"velY":-5.954193592071533,"velX":0.49830618500709536,"velZ":-15.98871898651123,"jump":false},{"moveZ":-0.9995146989822388,"moveY":0,"looker":[-540.8043823242188,13.809606552124024,674.1580200195313,0.9995146989822388,-5.156582716381308e-8,-0.031150488182902337,4.908929795988115e-8,1,-8.026685094364439e-8,0.031150488182902337,7.86987399692407e-8,0.9995146989822388],"moveX":0.031151100993156434,"velY":-7.589193820953369,"velX":0.4984022080898285,"velZ":-15.991740226745606,"jump":false},{"moveZ":-0.9995146989822388,"moveY":0,"looker":[-540.8023071289063,13.774579048156739,674.0913696289063,0.9995146989822388,-4.745931292404748e-8,-0.031150465831160547,4.517994156572058e-8,1,-7.387684775039816e-8,0.031150465831160547,7.243362176723167e-8,0.9995146989822388],"moveX":0.031151100993156434,"velY":-8.406693458557129,"velX":0.498